   J   Train MSE       Test MSE        Train Time      Test Time
   2   1.1029079e+02   1.1139941e+02   2.2501926e-01   3.2093895e-01
   3   1.0630152e+02   1.0983393e+02   3.0041367e-01   3.2974965e-01
   4   1.0324843e+02   1.0765837e+02   3.7115400e-01   3.3877527e-01
   5   1.0051187e+02   1.0623561e+02   5.3888442e-01   3.9395229e-01
   6   9.8766209e+01   1.0534948e+02   5.1441262e-01   3.5392442e-01
   7   9.7074504e+01   1.0417822e+02   4.7311814e-01   3.4942973e-01
   8   9.4032687e+01   1.0217727e+02   4.7991422e-01   4.6754580e-01
   9   9.2212908e+01   1.0073736e+02   5.3666273e-01   3.6244654e-01
   10  9.0491958e+01   9.9970950e+01   4.9566468e-01   3.4045301e-01
   11  8.8838049e+01   9.8563649e+01   5.3731475e-01   4.1626157e-01
   12  8.7437184e+01   9.8760353e+01   6.3117214e-01   3.4857305e-01
   13  8.6040479e+01   9.7891227e+01   5.4238177e-01   3.5966701e-01
   14  8.4757696e+01   9.8127316e+01   5.5297646e-01   3.8027078e-01
   15  8.3733736e+01   9.7400202e+01   6.7256501e-01   3.4934219e-01
   16  8.3080950e+01   9.7434486e+01   5.7225144e-01   3.8725522e-01
   17  8.2467887e+01   9.7968634e+01   6.3133091e-01   3.5727990e-01
   18  8.1865454e+01   9.8505077e+01   7.1008805e-01   3.5384896e-01
   19  8.1268360e+01   9.8758620e+01   6.2107853e-01   3.6303638e-01
   20  8.0681296e+01   9.8882976e+01   5.8752677e-01   3.5712173e-01
   25  7.7711520e+01   9.9203242e+01   7.4609695e-01   4.2769120e-01
   30  7.5493354e+01   9.9034063e+01   7.4492754e-01   3.7270677e-01
   35  7.3752595e+01   9.8475172e+01   8.2939768e-01   4.9306869e-01
   40  7.1921521e+01   9.9490317e+01   7.6735696e-01   3.8242968e-01
   45  7.0582382e+01   9.9727449e+01   7.7683839e-01   4.2472694e-01
   50  6.9182765e+01   1.0157885e+02   9.5217991e-01   3.8124519e-01
   60  6.4878715e+01   1.0207797e+02   8.7474131e-01   3.9832926e-01
   70  6.1995694e+01   1.0077953e+02   1.0511412e+00   3.8478480e-01
   80  5.9641586e+01   1.0188286e+02   1.0326347e+00   4.4752402e-01
   90  5.7687388e+01   1.0301279e+02   1.1484597e+00   3.9305456e-01
   100 5.5073052e+01   1.0363019e+02   1.1433848e+00   4.1746056e-01
   150 4.4151771e+01   1.1338397e+02   1.6096779e+00   4.7027281e-01
   200 3.6388672e+01   1.1674626e+02   1.8358744e+00   4.8834578e-01
   300 2.6005799e+01   1.2491831e+02   2.6456174e+00   4.8986474e-01
